47               58               59               114        0.012      0          0          0          0         
48               59               48               132        0.012      0          0          0          0         
49               60               61               114        0.012      0          0          0          0         
50               61               49               132        0.012      0          0          0          0         
51               48               49               183        0.012      0          0          0          0         
52               49               50               180        0.012      0          0          0          0         
53               50               51               191        0.012      0          0          0          0         
54               62               51               132        0.012      0          0          0          0         
55               51               52               178        0.012      0          0          0          0         
56               52               53               126        0.012      0          0          0          0         
57               63               64               116        0.012      0          0          0          0         
58               64               53               132        0.012      0          0          0          0         
59               53               54               136        0.012      0          0          0          0         
60               54               55               128        0.012      0          0          0          0         
61               55               56               137        0.012      0          0          0          0         
62               56               57               125        0.012      0          0          0          0         
63               57               14               141        0.012      0          0          0          0                
